projection_error : 0.515015765719
camera_matrix : [[ 641.18595954    0.          319.93339088]
                 [   0.          643.03128128  237.02721474]
                 [   0.            0.            1.        ]]
distortion_matrix : [[-0.00876629  0.00358646  0.0024546   0.00232463  0.18954188]]
rotation_vector : [array([[ 0.87676463],
       [ 0.04105643],
       [ 2.95587207]]), array([[-0.45075859],
       [ 0.64548424],
       [-1.50274912]]), array([[-1.12552049],
       [-0.12863679],
       [ 2.88248399]]), array([[-0.00560095],
       [ 0.21992057],
       [-1.4998973 ]]), array([[-0.39972499],
       [ 0.27403736],
       [ 0.05432795]]), array([[ 0.19393173],
       [ 0.1626148 ],
       [ 1.58653682]]), array([[-0.57864604],
       [-0.51862647],
       [-1.45771198]]), array([[ 0.08268645],
       [ 0.55069356],
       [-0.01525055]]), array([[-0.0298304 ],
       [-0.00823022],
       [-0.0364957 ]]), array([[-0.03866544],
       [-0.50550458],
       [ 0.84445444]]), array([[-0.03607791],
       [-0.60003236],
       [-0.02001124]]), array([[ 0.44803243],
       [ 0.89317329],
       [-0.76572702]]), array([[ 0.64646596],
       [-0.45848564],
       [ 1.47739809]]), array([[ 0.83062463],
       [-0.60525191],
       [-1.53730716]]), array([[-0.49260502],
       [ 0.18892639],
       [ 0.07012203]])]
translation_vectors : [array([[  2.25601642],
       [  1.0486905 ],
       [ 11.90403175]]), array([[ -0.72793866],
       [  1.75198822],
       [ 16.94895204]]), array([[  1.33897648],
       [  1.47580036],
       [ 14.13254336]]), array([[ -0.35167599],
       [ -0.77285935],
       [ 20.16813225]]), array([[ -2.32049184],
       [ -3.7511956 ],
       [ 13.25446363]]), array([[  2.9140143 ],
       [ -2.99315711],
       [ 11.83220418]]), array([[ -1.67613633],
       [  0.25543029],
       [ 18.97887334]]), array([[ -1.43159162],
       [ -3.31162209],
       [ 12.91141542]]), array([[ -1.27936387],
       [ -3.13902925],
       [ 13.40792101]]), array([[ -0.99229247],
       [ -3.01527833],
       [ 21.04239562]]), array([[ -2.699155  ],
       [ -3.49777135],
       [ 10.76897551]]), array([[ -1.01581429],
       [ -4.04265497],
       [ 23.79207841]]), array([[  3.14826567],
       [ -4.7940019 ],
       [ 16.58552334]]), array([[ -1.6388087 ],
       [  0.45292595],
       [ 17.61594671]]), array([[ -0.77285828],
       [ -3.84894118],
       [ 14.43294569]])]