0 Alphas [ 0.50077566  0.53566564  0.39496696  0.35321841] min_dist 30941.4051364
1 Alphas [ 0.24706124  0.41234028  0.67334264  0.46429281] min_dist 30231.6623977
2 Alphas [ 0.68357115  0.96150219  0.37020623  0.84720359] min_dist 31549.5010788
3 Alphas [ 0.96382134  0.42097941  0.77588318  0.77394479] min_dist 32357.5267354
4 Alphas [ 0.74878549  0.95648856  0.76922387  0.37462893] min_dist 31871.405752
5 Alphas [ 0.14582574  0.61658454  0.53049145  0.69587725] min_dist 30149.0523148
6 Alphas [ 0.33674663  0.05699779  0.94099466  0.92592918] min_dist 30143.8839708
7 Alphas [ 0.5690128   0.369606    0.73121236  0.69946914] min_dist 30723.985056
8 Alphas [ 0.79685525  0.91125726  0.12172006  0.82809133] min_dist 31549.4132175
9 Alphas [ 0.11154101  0.93314285  0.03855573  0.66544933] min_dist 30438.8622925
10 Alphas [ 0.10107241  0.23354173  0.68426172  0.00460446] min_dist 29927.5082807
11 Alphas [ 0.93487013  0.74028385  0.85096019  0.68374562] min_dist 32141.8765556
12 Alphas [ 0.25341516  0.12465077  0.68099521  0.80002182] min_dist 30117.7309315
13 Alphas [ 0.89682309  0.5657069   0.86208736  0.17837704] min_dist 32548.9508406
14 Alphas [ 0.25132862  0.93626323  0.71076888  0.5799657 ] min_dist 30313.0133649
15 Alphas [ 0.56712063  0.58485227  0.4977842   0.128924  ] min_dist 30714.3704959
16 Alphas [ 0.19020995  0.85146238  0.84368616  0.08432221] min_dist 30232.126429
17 Alphas [ 0.52839398  0.43857701  0.69736805  0.1075262 ] min_dist 30859.2926924
18 Alphas [ 0.60211075  0.84105314  0.91522545  0.90873081] min_dist 31578.1763661
19 Alphas [ 0.64646479  0.98381012  0.20332046  0.46696656] min_dist 30906.3830494
20 Alphas [ 0.34742584  0.20625038  0.78673037  0.26623669] min_dist 30427.0216094
21 Alphas [ 0.74443616  0.42977246  0.37749468  0.43584932] min_dist 31693.762848
22 Alphas [ 0.11690132  0.64491422  0.46487636  0.3020071 ] min_dist 30059.3060441
23 Alphas [ 0.20805696  0.68774827  0.19852733  0.26056089] min_dist 30163.5774151
24 Alphas [ 0.25283737  0.87436303  0.87572736  0.48785275] min_dist 30183.1239072
25 Alphas [ 0.7368328   0.53090863  0.59463951  0.1205924 ] min_dist 31688.405572
26 Alphas [ 0.64524265  0.34010165  0.57023425  0.22555423] min_dist 31280.2410059
27 Alphas [ 0.46400181  0.61358542  0.37802244  0.29541134] min_dist 30722.5039413
28 Alphas [ 0.57521553  0.74022861  0.1702477   0.77146858] min_dist 30844.6812563
29 Alphas [ 0.35408073  0.93443927  0.01243617  0.83214618] min_dist 30231.3369073
30 Alphas [ 0.40511628  0.37006624  0.93072952  0.44463891] min_dist 30436.6853353
31 Alphas [ 0.87220067  0.50844312  0.54210819  0.2820262 ] min_dist 32694.7894997
32 Alphas [ 0.61463777  0.5594359   0.58530207  0.44031587] min_dist 30840.7310563
33 Alphas [ 0.72764487  0.25340836  0.56319612  0.14100742] min_dist 31041.3513231
34 Alphas [ 0.80564305  0.80888179  0.15949738  0.24784184] min_dist 31958.6298522
35 Alphas [ 0.81543582  0.77837372  0.4567058   0.19545577] min_dist 31694.257414
36 Alphas [ 0.0871544   0.55022634  0.24569706  0.91746209] min_dist 29949.5870916
37 Alphas [ 0.7301922   0.02023966  0.76352269  0.942321  ] min_dist 31226.1324007
38 Alphas [ 0.72775303  0.79417857  0.90868706  0.82763916] min_dist 31990.4613388
39 Alphas [ 0.68463376  0.87139414  0.07944759  0.66088347] min_dist 32842.013089
40 Alphas [ 0.0949666   0.21181451  0.40194608  0.46751243] min_dist 29870.581528
41 Alphas [ 0.63477681  0.99864358  0.57329722  0.64022129] min_dist 31514.6430602
42 Alphas [ 0.1207717   0.22392028  0.05395377  0.71772897] min_dist 30899.6041428
43 Alphas [ 0.10982511  0.92979807  0.35454556  0.30298488] min_dist 30126.4259517
44 Alphas [ 0.38869685  0.20228892  0.68001341  0.5076015 ] min_dist 30437.068284
45 Alphas [ 0.25006524  0.99974855  0.75398022  0.77795414] min_dist 30256.4281233
46 Alphas [ 0.77993676  0.68747431  0.97528753  0.78394182] min_dist 32029.6900166
47 Alphas [ 0.66313953  0.65851249  0.59033217  0.9224516 ] min_dist 31308.1656819
48 Alphas [ 0.61148279  0.32200558  0.82585769  0.86809203] min_dist 30931.8502937
49 Alphas [ 0.36634087  0.02706983  0.09334645  0.34235944] min_dist 33415.9130312
50 Alphas [ 0.15255734  0.75776236  0.17525031  0.10208646] min_dist 29975.397866
51 Alphas [ 0.20938666  0.24740575  0.59573138  0.17688099] min_dist 30176.3617935
52 Alphas [ 0.8026458   0.38709326  0.68896893  0.64378894] min_dist 32099.9649939
53 Alphas [ 0.49934585  0.82581712  0.44666393  0.84256143] min_dist 30366.0509432
54 Alphas [ 0.21349687  0.61173192  0.16070027  0.67684184] min_dist 29986.0118421
55 Alphas [ 0.32239358  0.92863596  0.1032577   0.2315158 ] min_dist 33987.5708837
56 Alphas [ 0.67779478  0.40167748  0.39905716  0.07599491] min_dist 31391.0333919
57 Alphas [ 0.64166053  0.86715859  0.19366831  0.51853395] min_dist 31065.9652509
58 Alphas [ 0.86763718  0.23404352  0.75031846  0.25488669] min_dist 32268.3666151
59 Alphas [ 0.12074028  0.04970534  0.70745625  0.07455263] min_dist 29975.7367741
60 Alphas [ 0.20947752  0.79414126  0.86193925  0.35152846] min_dist 30343.5983418
61 Alphas [ 0.58160814  0.2869268   0.17090794  0.76813733] min_dist 31415.5413572
62 Alphas [ 0.7064824   0.12880351  0.45141942  0.50746456] min_dist 31409.6484333
63 Alphas [ 0.45211677  0.24656459  0.36188326  0.25531395] min_dist 30567.5362961
64 Alphas [ 0.19383748  0.24589698  0.70672691  0.00987078] min_dist 30133.6413553
65 Alphas [ 0.20723859  0.98340602  0.25216976  0.06055985] min_dist 30085.3142891
66 Alphas [ 0.24351411  0.21648949  0.09737986  0.5643062 ] min_dist 33385.4315592
67 Alphas [ 0.60779138  0.44778797  0.9801477   0.15271153] min_dist 31317.5595345
68 Alphas [ 0.06159695  0.98604742  0.93467467  0.66024519] min_dist 30048.8559303
69 Alphas [ 0.23834559  0.84848984  0.07991806  0.47753237] min_dist 32481.1637799
70 Alphas [ 0.78047562  0.9715567   0.84927041  0.3306289 ] min_dist 31386.3476231
71 Alphas [ 0.81350512  0.01468498  0.24221066  0.36693555] min_dist 31255.803706
72 Alphas [ 0.26410573  0.95767632  0.4128557   0.67328224] min_dist 29969.5381624
73 Alphas [ 0.91543278  0.877091    0.46468284  0.91676279] min_dist 32289.832773
74 Alphas [ 0.940415    0.17136463  0.07438317  0.30422141] min_dist 33352.726031
75 Alphas [ 0.59384676  0.95126566  0.49016849  0.83248329] min_dist 30893.5250065
76 Alphas [ 0.35807872  0.08973175  0.2912616   0.42768482] min_dist 30389.9322978
77 Alphas [ 0.23908054  0.9984272   0.6719379   0.40092091] min_dist 30152.0739288
78 Alphas [ 0.96696325  0.41097564  0.59045945  0.96544817] min_dist 31830.5159058
79 Alphas [ 0.38091275  0.89447412  0.45462171  0.43328814] min_dist 30308.1985836
80 Alphas [ 0.50837879  0.16046209  0.86569825  0.12680844] min_dist 30369.0310884
81 Alphas [ 0.70417445  0.30722528  0.77164096  0.50169383] min_dist 31296.3812413
82 Alphas [ 0.67136214  0.13826767  0.14589572  0.98347547] min_dist 30829.9133216
83 Alphas [ 0.96796629  0.87629496  0.62249889  0.90686314] min_dist 32155.5052399
84 Alphas [ 0.92615832  0.66786974  0.88359759  0.11371052] min_dist 32877.2288192
85 Alphas [ 0.56748994  0.77454222  0.64899296  0.17316922] min_dist 30747.9394803
86 Alphas [ 0.00243988  0.69285179  0.43426773  0.37531974] min_dist 30087.1970394
87 Alphas [ 0.19951034  0.01368227  0.6127159   0.3411817 ] min_dist 30074.6749864
88 Alphas [ 0.57706624  0.0212439   0.7468014   0.13170313] min_dist 30703.3268477
89 Alphas [ 0.77812871  0.46038299  0.40257743  0.51451877] min_dist 31371.6639499
90 Alphas [ 0.85726104  0.19811522  0.72145646  0.27048826] min_dist 31813.4886275
91 Alphas [ 0.27177214  0.02425415  0.35247251  0.37003679] min_dist 30133.6863947
92 Alphas [ 0.45721466  0.09543927  0.48704065  0.8170716 ] min_dist 30481.6238621
93 Alphas [ 0.90254409  0.24295348  0.30561035  0.26897855] min_dist 31667.1239587
94 Alphas [ 0.58319864  0.7358565   0.93297449  0.31903407] min_dist 31261.5877778
95 Alphas [ 0.68781462  0.4662282   0.6763589   0.03667016] min_dist 31068.0541811
96 Alphas [ 0.64635169  0.74642136  0.23702028  0.15609234] min_dist 31298.417582
97 Alphas [ 0.18300488  0.60003485  0.49396287  0.77271318] min_dist 30091.9296933
98 Alphas [ 0.42369006  0.22797661  0.7965846   0.54707061] min_dist 30705.8053282
99 Alphas [ 0.53858757  0.83533517  0.26626844  0.26517644] min_dist 31036.5039114
